 1   0  1   1  1 1  1  0
128 64 32  16  8 4  2  1

128
 32
 16
  8
  4
  2
----
190

answer is 190


55 into binary = ?

55 
32 
---
23
16
---
 7
 4
---
 3
 2
---
  1
  1
---
  0


      128   64    32    16   8    4   2   1
        0    0     1     1   0    1   1   1   <---BINARY DIGIT
		
461 OCTAL TO BINARY = ?

        4       6       1       
      4 2 1   4 2 1   4 2 1
	  1 0 0   1 1 0   0 0 1
binary digit is 100110001

11110001 to hex = ?
4 digits of binary = 1 hex

1111 0001
8421 8421
 15   1
 
hex number is F1

ABC to a binary = ?

10 = A 
11 = B 
12 = C
13 = D
14 = E
15 = F 

    A        B          C
   10       11         12
8 4 2 1   8 4 2 1   8 4 2 1
1 0 1 0   1 0 1 1   1 1 0 0
BINARY DIGIT IS 101010111100

10101111 TO OCTAL NUMBER = ?
3 DIGITS OF BINARY = 1 OCTAL DIGIT

010  101  111 
421  421  421 
 2    5    7
 
OCT NUMBER IS 257

10101111 TO HEX = ?

4 DIGIT OF BINARY = 1 DIGIT OF HEX

1010   1111
8421   8421 
 10     13 
 
 10=A 
 13=F
 
 ans - AF
 
 5636 to hex = ?
 
   5   6    3    6
 8421 8421 8421 8421 
 0101 0110 0011 0110 
 Binary digit = 0101011000110110
 
 D68 to an octal = ?
 
    D    6    8
   13    6    8
  8421  8421 8421
  1101  0110 1000
Binary Digit = 110101101000

110 101 101 000  
421 421 421 421 
 6   5   5   0

OCTAL = 6550

101
-64
---
 37
-32
---
  5
 -4
---
  1

128 64 32 16 8 4 2 1 
 0   1  1  0 0 1 0 1
 
 1 octal = 3 binary
 
001 100 101
421 421 421 
 1   4   5
 
 octal = 145 
 
0110 0101
8421 8421 
 6     5  
 
 hex = 65 
 
 
  1  1  1   1 0 0 1 1
 128 64 32 16 8 4 2 1 
 
 128
  64
  32
  16
   2
   1
----
 243

decimal -- 243 
 
011   110   011
421   421   421 
 3     6     3  
 
 octal -- 363
 
1111    0011
8421    8421
 15       3
 F        3
 
 hex -- F3
 
 
 56 octal
 
      5       6
    4 2 1   4 2 1
    1 0 1   1 1 0
  binary - 101110
  
  0   0   1    0  1  1  1  0
 128  64  32  16  8  4  2  1
 
 32
  8
  4
  2
===
 46
 
 0010   1110
 8421   8421 
  2      14
  2      E
  
 hex -- 2E
 
   A    C
  10   12
 8421 8421
 1010 1100
 
 010  101  100
 421  421  421
  2    5    4  
  
 254 -- octal
 
  1    0   1   0  1  1  0  0
 128  64  32  16  8  4  2  1
 
 128
  32
   8
   4
----
172